$ANSIBLE_VAULT;1.1;AES256
64633862303462386237333330653231613437373265356161326331643234353739666236653737
6665656563303831663236663663393763326466613462390a303731333436333062366265303562
37616634393165356333396234613732646264303239333536663037626565343762346566663634
3136383461333166610a633163376362343139646336386336313265393836633236616135333462
61326361633061336165636365643839393863373532313535323833633565346237623933666661
65653536636632636362373333653835643566633637313337373732393634636533663163306633
36346435353732633732666666396664373138616537343661343631666262343865643535663831
37633966313939383839636436333565303162353664633138383766613963366339323435373965
65393861643663613132643034353738666638373862626638336665366638316139383637373366
62616133336361306438343563386532353763656437643465663438366664363033373639336536
38393165646261666566366433613566613465363835613833363134336666663765386632666264
64333766626438343831343031653765663363343465393561373761323666633539313536396338
33623039613631306537333435643238316366653766643534373132373664353532646138666261
65326161313663656435386565366431633066303663663935666461343130353838313765376665
30626235333530396363623630323036306332393865363639326162616432306436656632386634
30313935653436333561396165616464373038653630353061313339383332666362343236373230
33333163653430346537663164643431303338333063333163383735323231623938363232376631
65393464353730356630363066626138616630373361323463643864636361393532643932323934
34643730336537353736396437393732353465343536623364376436373838323764366637383135
35653263303163333365356331356263323066303130336332323034353535653964356362323038
63623964393664383632373039323737643561356532616531353038316334653737366432366232
63636232633931366561376439303561333965333130623439383232376130396332623433663661
64383939633765303430656131653034663765306133363236383230343138373464643535643263
63393364333961383765343534343135383364663765393634323766623038383234623763356666
32316136613565373330623965346236396633326162303265326639623236386636616532303964
36303066633063343461663066616633393265343130373536613230353331643762393030373339
37333739363535383666353839333532666135333633656263363464393330376336623539636465
61346261623032326134626362356262323033666235653235363637633031366433353933363531
61653332306633373965336538613332386461656266656162616339383235653462326166366339
31393736346264336139666138323732376263383132313065356363663638643232663935616334
30663762333537313331343830323038656634323330656338386166313235623236383536306666
66613937656466353066623163663633343833353639396137373363326264353531653962313832
66326666343065633138353139373939646465323366373262346632353736333939373832353735
32323965333634633663323837386265346634356333383839396537383231613965303263313236
33613737316634666434383534386435373762663661383561376635333434616263343633356466
35653434623464616639366130336235613662356435353738323130653435353863643438636635
33303361646630393937346132643736656636303732653539623238643036623561626363316662
61343135323131343035333838633961626336383433373531383265356462646130636166636665
63326435343132323933643761656637313530623963656262353333323830333233326238653664
63633336333336656439373466623265373566376461336162313835386437393230306463623164
34626639343039306432636332623635666137333133333238613832346635306364393431666465
65663462653864336130343731626532383536346137343833303137376533663762383961613233
66613833633361653136663331326262393166393039346566656235666433633639623935333437
66373765323165623064366666383737343166353530306365653633643435626262633265656265
33323730303538653237366431636531653833323937346134366131636331333937376136393933
37653365653062366430333830363335626637346135343639383761336236303031656235333037
62373031313061646563333464623936373239346331386234333238663665363566633736623737
30313736383039653166613861326638326530616664623163626237353464383465653062303332
62306330306432313037396533656265353665636330353161613735333133383032323336323664
38616662386433646536636536373435636339646332396435366465313533623964636130666338
64363361653630373635376461613434336238366665643064613536366438643733306538646266
62363535343732643965663863333432616464356161313634653539656165363766613162376663
35333965653638383530643162363733633637393630313636653961646233373730616161633035
38323761363961356138633736623765323639333639633332656438376138383265656166663964
61643931643830636262383732313338636531383130666438313434623866393436343539643535
64616463663365393730663233316632613462313965656534623430653663626166323035303961
31363435663130656433653132633039316364396162663166366562386636643264633663313037
34643232633066373636393733353061333831666164323361613033376338643539313634363332
62306462626433313565356235623738633835366138396630663161646364383539383364396266
35323061356135363739346539316535373138393932643461346632336264623666616636666164
61343437316131633166396536313832623463326338356463636665666237363136613361356264
65383734616163396663363337626266386565353665643939326236653033303032316330616236
32623930366439303339653030386361613566326565663362316666623334633561373731333165
31363839323132626165303166623233613333333961323166303535313536623361623033326262
62386462316330393838633639653434613330303765646465646436396235326566643961356432
62646134653363313565326164343539653432373762373763643731623237376239613136636166
63353733383139623261613235383535623031633233643936613730313531313838373065346132
31316634646132353061646631353531373435323935623738353261653632643063363233643839
35623265326535653464373961313562313335666137386239613161313337316531313836313531
33353136623765666265303339323033373662363961353338356262373536636363613333393631
37306636663261353334323438643762333861356462333061326666313338663364383136633234
66336131633134616364663131353665343665393432653438636562373063393063386632316533
30623232643435313032363632623638353430643436643431383333313535363066653635643565
35386432396634316462376131343230653733353365616162646437376130373235666535653735
31633661396136333537613630333434643033333233363537613866396139313836643032633161
32643736343566383239383737376132336333303964363863626132306230623962663839363632
33396136636666353130643436386632393134393964646237356231373366363961313133323665
62613435313466386337633138303464663239336162623437383163363064666562303031356661
39313230396365356631393234653136373838643666333062333465356562633062346536396633
39636537343439633238333266366232656432333166303234623339326334623866663064373661
30366363323535643132346666656164663962383238373535323761663965396238323732666433
37303031303732653433316437346131666336353636616334383261666538643031333037393534
30393936633736616437313031323036613162646436343762373630353832343637376661616334
30613033376333376639303431363563383139663035323335353439313037393065663965306436
36373164353030626639373733336538356663373539336664303132363037343636343335356635
66313533303966623434373030386632323366396236323261306330626663376465646633616632
32346462373461633834633136343966346237653236646662333761313566346138313066393031
36643033633638303461
